[bracket.png]
filters=finetune2=1,0.000000,0.000000,0.000000,00000000,-0.017544;bw=1;
moddate=00003061f9cd0000
width=152
height=559
textactive=0
